0 553 494 88 681 776 462 612 0
0 382 355 161 650 213 125 620 262 730 0
0 518 63 41 84 611 459 240 623 17 479 414 0
0 50 426 616 385 11 401 707 714 746 525 0
0 415 798 670 48 179 326 593 86 666 483 0
0 247 693 281 293 742 441 119 330 29 0
0 515 292 201 471 491 205 543 699 550 387 569 0
0 386 590 778 418 272 551 474 755 621 150 458 0
0 446 158 170 98 613 577 259 767 269 197 206 129 673 0
0 758 215 291 791 223 703 622 731 153 505 586 0
0 315 225 697 243 718 692 174 398 113 743 298 287 0
0 80 404 508 167 42 140 403 356 169 2 0
0 16 83 275 21 393 712 237 306 535 478 9 561 0
0 475 64 332 349 0
0 209 163 545 540 687 38 542 594 12 327 210 517 0
0 433 661 754 196 566 188 450 451 62 391 0
0 568 270 75 263 523 229 79 311 175 72 552 149 60 0
0 696 627 655 640 253 322 373 249 793 307 564 0
0 239 265 645 580 722 124 405 218 757 626 629 0
0 537 452 752 763 222 168 397 667 146 0
0 463 230 233 761 363 43 447 312 370 764 317 0
0 26 779 18 228 46 795 316 56 469 0
0 211 694 417 45 342 234 280 570 514 485 337 74 0
0 532 432 533 492 665 379 753 118 671 221 338 0
0 773 766 748 749 715 255 180 628 663 745 412 208 0
0 335 396 530 67 177 780 340 448 94 0
0 351 427 127 434 193 526 407 160 156 348 771 313 0
0 578 487 344 502 300 455 509 710 301 0
0 602 331 686 55 14 235 503 480 669 288 304 0
0 78 184 723 453 212 238 279 0
0 5 319 390 367 544 324 799 548 592 219 241 0
0 204 376 362 0
0 559 546 380 460 250 0
0 727 519 103 787 134 619 0
0 461 531 44 539 245 1 381 39 6 236 0
0 37 0
0 138 343 422 721 69 501 682 383 361 794 329 0
0 419 513 708 734 71 139 522 308 299 510 534 0
0 747 477 82 99 30 325 328 203 691 366 0
0 676 796 200 194 528 635 0
0 137 659 557 741 772 400 19 40 254 199 595 49 0
0 765 493 100 353 790 261 486 89 93 436 467 0
0 357 8 774 445 649 95 507 660 70 0
0 624 465 345 35 617 549 800 27 633 195 0
0 554 716 573 618 520 547 562 214 614 705 285 207 0
0 388 87 777 0
0 408 97 111 128 646 565 760 333 406 579 0
0 409 360 3 769 792 781 273 762 190 246 756 336 464 0
0 339 284 104 260 720 154 105 625 57 257 454 495 719 0
0 775 740 31 607 711 358 556 512 729 701 444 0
0 636 647 589 51 92 178 166 440 374 410 709 541 0
0 576 657 378 108 122 282 759 424 0
0 115 732 365 47 521 372 470 631 112 392 654 443 683 416 0
0 717 185 634 637 421 473 413 216 114 572 0
0 658 120 598 644 264 189 638 529 688 411 226 371 0
0 439 499 116 500 672 76 490 283 726 172 142 468 53 202 0
0 81 604 268 54 679 449 52 784 107 482 0
0 783 85 605 442 147 437 770 278 117 601 352 0
0 296 187 0
0 481 323 276 377 341 155 608 102 106 0
0 588 680 318 674 567 498 32 702 162 656 600 0
0 183 684 148 399 110 615 782 58 641 0
0 431 394 788 735 109 277 173 0
0 504 639 643 506 375 497 678 423 563 0
0 302 309 585 244 251 700 420 310 135 132 321 126 596 0
0 303 606 143 354 429 227 476 582 186 583 90 0
0 384 536 13 558 36 176 466 15 425 0
0 456 685 242 73 141 733 305 690 797 347 675 191 294 642 0
0 713 101 290 689 289 295 198 389 77 435 28 144 0
0 68 248 164 724 706 571 159 20 695 581 131 224 632 0
0 430 538 157 25 651 737 574 0
0 402 751 653 130 457 744 677 232 584 438 728 0
0 266 217 395 59 603 489 524 7 609 591 314 0
0 725 61 736 610 258 267 274 33 0
0 220 652 152 24 484 560 785 599 786 0
0 704 789 165 133 181 252 286 662 346 575 698 0
0 65 511 320 472 648 359 4 739 66 91 0
0 297 334 192 10 136 364 22 597 369 368 23 555 231 0
0 527 145 151 256 587 768 488 428 271 664 182 34 121 0
0 668 96 171 496 750 123 738 516 630 350 0
